AspectLib 38
3c1a3/4ak2r/6R2/8p/6N2/9/9/B7B/4K4/9 0 1 9394 1 0 0 0 0 0 
3c1a3/4ak2r/6R2/8p/9/6N2/9/B7B/4K4/9 1 4654 1 0 0 0 0 0 0 
5a3/4ak2r/6R2/8p/9/9/9/B4N2B/4K4/3c5 2 2544 1 0 0 0 0 0 2546 1 0 0 0 0 0 0 
3aca3/5k3/7R1/8p/9/9/9/B7B/3K5/9 1 7787 1 0 0 0 0 0 0 
5a3/4ak1r1/3c2R2/8p/4N4/9/9/B7B/4K4/9 1 7675 1 0 0 0 0 0 0 
3aca3/5k1R1/9/8p/9/9/9/B7B/3K5/9 0 1 8575 1 0 0 0 0 0 
5a3/4ak2r/4c1R2/8p/4N4/9/9/B7B/4K4/9 1 5466 1 0 0 0 0 0 0 
5a3/4ak2r/6R2/9/4N3p/9/9/B7B/4K4/3c5 0 1 8868 1 0 0 0 0 0 
5a3/4ak2r/6R2/8p/9/4N4/9/B7B/4K4/3c5 0 1 393 1 0 0 0 0 0 
4ca3/4ak2r/5R3/8p/4N4/9/9/B7B/4K4/9 0 1 8475 1 0 0 0 0 0 
3aca3/7R1/5k3/8p/9/9/9/B7B/3K5/9 1 8767 1 0 0 0 0 0 0 
4ca3/4ak3/7R1/8p/9/9/9/B7B/3K5/9 0 1 8493 1 0 0 0 0 0 
4ca3/4ak1r1/6R2/8p/6N2/9/9/B7B/3K5/9 1 5677 1 0 0 0 0 0 0 
4ca3/4ak2r/6R2/8p/4N4/9/9/B7B/4K4/9 1 7675 1 0 0 0 0 0 0 
3ac4/4a4/4k4/5R3/9/9/9/B7B/3K5/9 1 1303 1 0 0 0 0 0 0 
5a3/4ak2r/3c2R2/8p/4N4/9/9/B7B/4K4/9 0 2 7374 1 0 0 0 0 0 8887 1 0 0 0 0 0 
4ca3/5k2r/5a3/8p/4N4/9/9/B7B/4K4/9 1 5466 1 0 0 0 0 0 0 
4ca3/4ak2r/6R2/8p/6N2/9/9/B7B/4K4/9 1 1413 1 0 0 0 0 0 0 
5a3/4ak2r/6R2/9/8p/6N2/9/B7B/4K4/3c5 1 4654 1 0 0 0 0 0 0 
3c1a3/4ak2r/6R2/8p/9/4N4/9/B7B/4K4/9 1 4456 1 0 0 0 0 0 0 
5a3/5k1r1/3c1a3/8p/4N4/9/9/B7B/4K4/9 2 5466 1 0 0 0 0 0 5473 1 0 0 0 0 0 0 
5a3/4ak2r/6R2/8p/9/6N2/9/B7B/4K4/3c5 0 4 6858 1 0 0 0 0 0 393 1 0 0 0 0 0 373 1 0 0 0 0 0 8475 1 0 0 0 0 0 
3ac4/4a4/5k3/5R3/9/9/9/B7B/3K5/9 0 1 7574 1 0 0 0 0 0 
3c1a3/4ak2r/6R2/8p/4N4/9/9/B7B/4K4/9 0 1 9394 1 0 0 0 0 0 
4ca3/4ak2r/6R2/8p/6N2/9/9/B7B/3K5/9 0 1 8887 1 0 0 0 0 0 
3ac4/4a4/4k4/5R3/9/9/9/B7B/9/3K5 0 1 9495 1 0 0 0 0 0 
4ca3/4ak3/6Rr1/8p/9/9/9/B7B/3K5/9 1 7677 1 0 0 0 0 0 0 
3ac4/4a4/5k3/5R2p/9/9/9/B7B/3K5/9 0 1 7574 1 0 0 0 0 0 
5a3/4ak2r/3c2R2/8p/9/6N2/9/B7B/4K4/9 1 4654 1 0 0 0 0 0 0 
4ca3/4ak1r1/6RN1/8p/9/9/9/B7B/3K5/9 0 1 8777 1 0 0 0 0 0 
3ac4/4a4/5k3/7Rp/9/9/9/B7B/3K5/9 1 6765 1 0 0 0 0 0 0 
3aca3/9/5k3/7Rp/9/9/9/B7B/3K5/9 0 1 9584 1 0 0 0 0 0 
5a3/5k2r/5aR2/8p/9/6N2/9/B7B/4K4/3c5 1 4667 1 0 0 0 0 0 0 
3ac4/4a4/4k4/8R/9/9/9/B7B/3K5/9 0 1 7475 1 0 0 0 0 0 
3ac4/4a4/4k4/5R2p/9/9/9/B7B/3K5/9 1 6568 1 0 0 0 0 0 0 
5a3/4ak3/6R2/8r/4N3p/9/9/B7B/4K4/3c5 1 7686 1 0 0 0 0 0 0 
3ac4/4a4/5k3/8R/9/9/9/B7B/3K5/9 1 6865 1 0 0 0 0 0 0 
5a3/4ak1r1/3c1R3/8p/4N4/9/9/B7B/4K4/9 0 1 8475 1 0 0 0 0 0 
Fen: 38个. Move_diff: 44个. Move_total: 44个.
Fen: 38个. Move_diff: 44个. Move_total: 44个.
